INITIAL_POPULATION: 10
NUMBER_OF_ITERATION: 2000
C1: 1.42694
C2: 1.42694
INETRIA_WEIGHT: 0.689343
R_MUT: 0.25
